"'A4GALT'" 0 0 0 0 1
"'ABCA6'" 0 0 0 0 1
"'AC087645.1'" 0 0 0 0 1
"'AC187652.1'" 0 0 0 0 2
"'ADAMTS5'" 0 0 0 0 1
"'ADCK4'" 0 0 0 0 1
"'AGAP2'" 0 0 0 0 1
"'AKAP17A'" 0 0 0 0 1
"'AL133481.1'" 0 0 0 0 3
"'AL390778.1'" 0 0 0 0 1
"'ANGPTL2'" 0 0 0 0 1
"'ANKRD30B'" 0 0 0 0 1
"'ANKRD53'" 0 0 0 0 1
"'ANP32A'" 0 0 0 0 1
"'AP001024.1'" 0 0 0 0 1
"'AP001468.1'" 0 0 0 0 1
"'ARIH2OS'" 0 0 0 0 1
"'ASPRV1'" 0 0 0 0 1
"'BAX'" 0 0 0 0 1
"'BICD2'" 0 0 0 0 1
"'BRD4'" 0 0 0 0 1
"'C16ORF52'" 0 0 0 0 1
"'C17ORF97'" 0 0 0 0 1
"'C19ORF53'" 0 0 0 0 1
"'C1orf101'" 0 0 0 0 1
"'C1QTNF1'" 0 0 0 0 1
"'C7ORF72'" 0 0 0 0 1
"'CACNG8'" 0 0 0 0 1
"'CCDC30'" 0 0 0 0 1
"'CCNK'" 0 0 0 0 4
"'CDH22'" 0 0 0 0 1
"'CEP170'" 0 0 0 0 1
"'CKAP4'" 0 0 0 0 1
"'CLASRP'" 0 0 0 0 1
"'CLEC4G'" 0 0 0 0 1
"'CNTNAP3B'" 0 0 0 0 1
"'COLGALT1'" 0 0 0 0 1
"'CPXM2'" 0 0 0 0 1
"'CRCT1'" 0 0 0 0 1
"'CTBP1'" 0 0 0 0 1
"'CTD-2368P22.1'" 0 0 0 0 2
"'CYHR1'" 0 0 0 0 1
"'CYP4F12'" 0 0 0 0 1
"'DGKB'" 0 0 0 0 1
"'DGKQ'" 0 0 0 0 1
"'DHRS12'" 0 0 0 0 1
"'ELAC2'" 0 0 0 0 1
"'EMR3'" 0 0 0 0 1
"'ENDOV'" 0 0 0 0 1
"'ENTHD2'" 0 0 0 0 1
"'EXOSC4'" 0 0 0 0 1
"'FAM101A'" 0 0 0 0 1
"'FAM117B'" 0 0 0 0 1
"'FAM120B'" 0 0 0 0 3
"'FAM98B'" 0 0 0 0 2
"'FBRSL1'" 0 0 0 0 1
"'FOXA2'" 0 0 0 0 1
"'FOXD2'" 0 0 0 0 1
"'FRG1B'" 0 0 0 0 1
"'FZD3'" 0 0 0 0 1
"'GALNT7'" 0 0 0 0 1
"'GGN'" 0 0 0 0 1
"'GGT5'" 0 0 0 0 1
"'GHDC'" 0 0 0 0 1
"'GOLGA6L10'" 0 0 0 0 1
"'GPRC5B'" 0 0 0 0 1
"'HEATR2'" 0 0 0 0 1
"'HS3ST6'" 0 0 0 0 1
"'IER5L'" 0 0 0 0 2
"'IGHG3'" 0 0 0 0 1
"'INSM1'" 0 0 0 0 1
"'JDP2'" 0 0 0 0 1
"'KBTBD13'" 0 0 0 0 1
"'KCNE1L'" 0 0 0 0 1
"'KIAA1033'" 0 0 0 0 1
"'KIAA2013'" 0 0 0 0 1
"'KLF13'" 0 0 0 0 1
"'KRTAP10-1'" 0 0 0 0 1
"'KRTAP10-10'" 0 0 0 0 1
"'KRTAP2-1'" 0 0 0 0 1
"'KRTAP4-11'" 0 0 0 0 1
"'KRTAP4-8'" 0 0 0 0 2
"'KRTAP5-3'" 0 0 0 0 1
"'KRTAP9-4'" 0 0 0 0 2
"'L3HYPDH'" 0 0 0 0 1
"'LILRA2'" 0 0 0 0 1
"'LIPI'" 0 0 0 0 1
"'LRRC24'" 0 0 0 0 1
"'LRRC34'" 0 0 0 0 1
"'LRRC45'" 0 0 0 0 1
"'LRRN4CL'" 0 0 0 0 1
"'MAPK11'" 0 0 0 0 1
"'MAPK12'" 0 0 0 0 1
"'MEF2B'" 0 0 0 0 1
"'METRNL'" 0 0 0 0 1
"'METTL24'" 0 0 0 0 2
"'MMP17'" 0 0 0 0 2
"'MMP25'" 0 0 0 0 1
"'MSRB2'" 0 0 0 0 1
"'MT-ND5'" 0 0 0 0 1
"'MXD3'" 0 0 0 0 1
"'MYPOP'" 0 0 0 0 5
"'MYRFL'" 0 0 0 0 1
"'NKX2-3'" 0 0 0 0 1
"'NKX3-2'" 0 0 0 0 1
"'NPIPB3'" 0 0 0 0 2
"'OGFOD2'" 0 0 0 0 1
"'ONECUT2'" 0 0 0 0 1
"'OR9G4'" 0 0 0 0 1
"'ORC3'" 0 0 0 0 1
"'OVOL2'" 0 0 0 0 1
"'PAPPA-AS1'" 0 0 0 0 1
"'PCDH7'" 0 0 0 0 1
"'PELP1'" 0 0 0 0 2
"'PHF21B'" 0 0 0 0 2
"'PMS2'" 0 0 0 0 1
"'POTEC'" 0 0 0 0 1
"'POTEG'" 0 0 0 0 1
"'PPARGC1A'" 0 0 0 0 1
"'PPP1R13L'" 0 0 0 0 1
"'PRB3'" 0 0 0 0 1
"'PRR21'" 0 0 0 0 3
"'PRSS21'" 0 0 0 0 1
"'RBM38'" 0 0 0 0 1
"'RFNG'" 0 0 0 0 1
"'RGPD4'" 0 0 0 0 1
"'RGPD8'" 0 0 0 0 1
"'RP11-467N20.5'" 0 0 0 0 3
"'RP11-85K15.2'" 0 0 0 0 1
"'RPL7L1'" 0 0 0 0 1
"'RPTN'" 0 0 0 0 1
"'RTL1'" 0 0 0 0 1
"'SAMD1'" 0 0 0 0 3
"'SAMD3'" 0 0 0 0 1
"'SARM1'" 0 0 0 0 1
"'SEC62'" 0 0 0 0 1
"'SH3GLB2'" 0 0 0 0 1
"'SIGLEC15'" 0 0 0 0 1
"'SLC1A1'" 0 0 0 0 1
"'SLC22A2'" 0 0 0 0 1
"'SLC22A23'" 0 0 0 0 1
"'SMG1'" 0 0 0 0 1
"'SPHK2'" 0 0 0 0 1
"'SPRN'" 0 0 0 0 1
"'SRSF4'" 0 0 0 0 1
"'STARD10'" 0 0 0 0 1
"'STIM2'" 0 0 0 0 1
"'TAF4'" 0 0 0 0 3
"'TBC1D16'" 0 0 0 0 1
"'TBXA2R'" 0 0 0 0 1
"'TJP1'" 0 0 0 0 1
"'TNPO2'" 0 0 0 0 1
"'TPRX1'" 0 0 0 0 1
"'TROAP'" 0 0 0 0 1
"'TRPC4AP'" 0 0 0 0 1
"'TUSC1'" 0 0 0 0 1
"'TXNRD2'" 0 0 0 0 1
"'UBE4A'" 0 0 0 0 1
"'USP17L5'" 0 0 0 0 1
"'VCX3A'" 0 0 0 0 1
"'YPEL3'" 0 0 0 0 1
"'ZIC2'" 0 0 0 0 1
"'ZIC5'" 0 0 0 0 1
"'ZNF10'" 0 0 0 0 1
"'ZNF141'" 0 0 0 0 2
"'ZNF273'" 0 0 0 0 2
"'ZNF479'" 0 0 0 0 1
"'ZNF560'" 0 0 0 0 1
"'ZNF570'" 0 0 0 0 1
"'ZNF664'" 0 0 0 0 1
"'ZNF675'" 0 0 0 0 4
"'ZNF697'" 0 0 0 0 2
"'ZNF700'" 0 0 0 0 1
"'ZNF732'" 0 0 0 0 2
"'ZNF771'" 0 0 0 0 1
"'ZNF845'" 0 0 0 0 1
"'ZNF85'" 0 0 0 0 2
"'ZNF90'" 0 0 0 0 1
"'ZNF92'" 0 0 0 0 2
"'ZNF93'" 0 0 0 0 2
