"'AATK'" 1 0 0 0 1
"'ABCA13'" 1 0 0 13 1
"'ABCA2'" 1 0 1 0 2
"'ABCA4'" 0 0 3 5 1
"'ABCA7'" 4 0 0 10 2
"'ABCG8'" 3 0 0 0 1
"'AC020629.1'" 1 0 0 0 1
"'AC026740.1'" 0 0 1 1 1
"'ACACB'" 0 0 0 6 1
"'ACAN'" 3 0 0 9 4
"'ACRC'" 0 2 0 0 2
"'ADAD2'" 1 0 0 0 1
"'ADAM22'" 1 0 0 0 1
"'ADRA2C'" 1 0 0 0 1
"'AGAP3'" 6 0 0 0 4
"'AGRN'" 1 0 0 2 1
"'AHNAK'" 0 0 0 17 3
"'AHNAK2'" 2 6 3 36 7
"'ALMS1'" 4 0 1 7 1
"'AMH'" 2 0 1 1 1
"'ANKLE1'" 1 0 0 2 1
"'ANKRD11'" 7 0 0 4 1
"'ANKRD24'" 1 0 0 0 1
"'ANKRD27'" 1 0 0 0 1
"'ANKRD36'" 3 1 1 3 1
"'ANKRD36C'" 1 0 0 1 3
"'ANTXR1'" 1 0 0 0 1
"'APC2'" 2 0 0 2 1
"'APOB'" 8 0 0 8 1
"'ARAP3'" 1 0 0 0 1
"'ARHGDIA'" 1 0 0 0 1
"'ARHGEF10L'" 0 0 0 2 1
"'ARID1B'" 4 0 0 5 1
"'ARL13B'" 1 0 0 0 1
"'ARL6IP4'" 2 0 0 0 1
"'ASCL1'" 1 0 0 0 4
"'ATF5'" 1 0 0 0 1
"'ATP13A5'" 0 0 0 2 1
"'ATXN2'" 1 0 0 0 2
"'ATXN7'" 13 0 0 2 1
"'AUTS2'" 4 0 0 0 1
"'AZI1'" 1 0 0 1 1
"'B4GALNT4'" 1 0 1 1 1
"'BPTF'" 2 0 0 0 1
"'BTBD2'" 0 0 1 0 2
"'BTNL9'" 0 0 0 1 1
"'C10ORF112'" 2 0 0 3 1
"'C11ORF35'" 0 0 1 0 1
"'C16ORF98'" 1 0 0 0 1
"'C1D'" 0 0 0 1 1
"'C22ORF34'" 0 0 0 1 1
"'C2orf16'" 1 0 0 0 1
"'C2ORF16'" 0 0 0 2 1
"'C6ORF201'" 1 0 0 0 1
"'C9ORF47'" 0 0 1 0 1
"'CACNA1A'" 9 0 0 2 2
"'CACNA1B'" 5 0 0 0 1
"'CACNA1G'" 14 0 0 1 1
"'CAPN15'" 1 0 0 0 1
"'CARS2'" 0 0 1 2 1
"'CASKIN2'" 0 0 0 3 1
"'CAST'" 0 0 1 1 1
"'CASZ1'" 0 0 1 5 1
"'CATSPERD'" 1 0 0 0 4
"'CCDC15'" 2 0 0 0 1
"'CCDC40'" 28 0 0 3 1
"'CDC42EP1'" 0 0 0 1 1
"'CDHR5'" 1 0 1 2 1
"'CEL'" 3 0 0 1 7
"'CEP290'" 1 0 1 4 1
"'CHD8'" 1 0 0 0 3
"'CHPF2'" 0 0 0 1 1
"'CHRNA10'" 0 0 1 0 2
"'CHTF18'" 0 0 0 1 1
"'CLIC6'" 1 0 0 1 1
"'CLUH'" 0 0 0 1 1
"'CNOT6L'" 1 0 0 0 1
"'COL14A1'" 1 0 0 0 1
"'COL15A1'" 1 0 1 0 2
"'CPAMD8'" 4 0 0 3 1
"'CRIPAK'" 1 0 0 0 2
"'CSF2RA'" 2 0 0 0 1
"'CSPG4'" 1 0 0 1 1
"'CTD-3088G3.8'" 2 0 0 23 1
"'CTD-3193O13.9'" 0 0 0 1 8
"'CXXC4'" 1 0 0 0 1
"'CYP2D6'" 2 5 0 0 1
"'D2HGDH'" 1 0 0 3 1
"'DCST1'" 0 0 0 1 1
"'DDX11'" 1 0 0 2 1
"'DDX54'" 0 0 1 0 1
"'DMXL1'" 2 0 0 2 1
"'DNAH17'" 4 0 1 21 1
"'DNAH7'" 2 0 1 5 1
"'DNAH9'" 0 0 2 5 1
"'DPCR1'" 1 0 0 1 9
"'DRD4'" 8 0 0 0 1
"'DSPP'" 17 0 0 2 5
"'DUSP11'" 1 0 0 0 1
"'DUX4L4'" 0 1 0 0 1
"'DYSF'" 4 0 0 5 1
"'EEF2'" 2 0 0 0 3
"'EIF2AK1'" 0 0 0 1 1
"'ELP4'" 1 0 0 0 1
"'EP400'" 2 0 0 6 1
"'EPPK1'" 0 0 1 12 1
"'ERBB2'" 2 0 0 0 1
"'EXD3'" 0 0 0 4 1
"'F5'" 2 0 0 3 1
"'FAM186A'" 7 0 0 4 12
"'FAM193A'" 3 0 0 0 1
"'FAM194A'" 1 0 0 1 1
"'FAM230A'" 3 0 0 2 6
"'FAM47C'" 0 4 0 0 3
"'FBXO11'" 2 0 0 1 1
"'FCGBP'" 0 0 0 13 3
"'FIBCD1'" 0 0 1 0 1
"'FLG'" 13 1 3 35 2
"'FLG2'" 1 0 3 4 6
"'FLNC'" 6 0 1 10 1
"'FLT3LG'" 1 0 0 0 1
"'FMN2'" 9 0 2 1 4
"'FMNL1'" 1 0 0 0 1
"'FOXD1'" 2 0 0 0 2
"'FOXK1'" 1 0 0 0 1
"'FOXK2'" 3 0 0 0 1
"'FOXL2'" 1 0 0 0 1
"'FSIP2'" 3 0 3 15 1
"'FTSJ3'" 1 0 0 1 1
"'FZD8'" 0 0 0 1 1
"Gene.Name" 2 2 2 1 1
"Gene.Name.1" 0 0 0 1 1
"'GID4'" 1 0 0 0 1
"'GLTSCR1'" 1 0 0 0 2
"'GOLGA6L2'" 3 0 0 0 27
"'GP1BA'" 2 0 0 0 2
"'GPR144'" 1 0 1 1 1
"'GPR179'" 0 0 0 6 1
"'GPR98'" 1 0 2 27 1
"'GRID2IP'" 0 0 0 1 1
"'HAGHL'" 0 0 0 1 3
"'HEATR5B'" 1 0 1 0 1
"'HECA'" 1 0 0 1 2
"'HELZ2'" 1 0 0 7 1
"'HKR1'" 0 0 1 0 1
"'HLA-C'" 11 0 0 0 1
"'HLA-DRB1'" 9 0 0 0 1
"'HRCT1'" 8 0 0 1 3
"'HRNR'" 2 0 2 3 1
"'HTT'" 7 0 0 5 2
"'HYDIN'" 2 0 1 3 2
"'IGFALS'" 0 0 0 1 1
"'IGFN1'" 4 0 1 12 20
"'INF2'" 3 0 0 0 2
"'INSL3'" 1 0 0 0 1
"'INTS1'" 1 0 2 4 3
"'IQCD'" 13 0 0 0 2
"'IRF7'" 0 0 1 0 1
"'IRS2'" 2 0 0 0 1
"'ITFG3'" 0 0 0 2 1
"'IVL'" 2 0 0 1 7
"'KCNH2'" 2 0 0 1 2
"'KDM5A'" 3 0 0 0 1
"'KDM6B'" 3 0 2 3 5
"'KIAA0020'" 0 0 1 1 1
"'KIAA0040'" 2 0 0 0 1
"'KIAA0226'" 0 0 0 1 1
"'KIAA0754'" 1 0 0 3 3
"'KIF17'" 2 0 1 4 1
"'KIF1C'" 3 0 0 0 1
"'KIF26A'" 2 0 1 4 1
"'KLC3'" 1 0 0 0 1
"'KLHL33'" 1 0 0 2 1
"'KMT2C'" 5 0 0 5 1
"'KMT2D'" 10 0 0 6 1
"'KNDC1'" 1 0 1 2 1
"'KNTC1'" 2 0 0 0 1
"'KRT10'" 13 0 0 0 2
"'KRT2'" 21 0 0 0 1
"'KRTAP4-16P'" 2 0 0 0 3
"'KRTAP5-1'" 1 0 0 0 1
"'KRTAP9-1'" 1 0 0 0 2
"'LAMA5'" 2 0 1 19 1
"'LAMB1'" 9 0 0 3 1
"'LARP7'" 2 0 2 0 1
"'LCA10'" 0 3 0 0 2
"'LDB3'" 2 0 0 0 2
"'LFNG'" 1 0 1 0 2
"'LMF1'" 0 0 0 1 1
"'LMTK3'" 1 0 0 0 1
"'LOR'" 1 0 0 0 1
"'LRRC37B'" 0 0 0 3 1
"'LTBP3'" 1 0 0 0 1
"'LY75'" 0 0 0 3 1
"'LYST'" 0 0 1 7 1
"'MACF1'" 9 0 0 14 1
"'MADD'" 0 0 1 3 1
"'MAGEC1'" 2 2 0 0 1
"'MAGEE1'" 1 3 0 0 1
"'MAN2C1'" 0 0 0 5 1
"'MAP3K10'" 6 0 0 0 2
"'MAPK8IP3'" 0 0 1 1 1
"'MAST2'" 2 0 1 1 1
"'MBD2'" 1 0 0 0 1
"'MDC1'" 0 0 1 2 3
"'MEGF6'" 0 1 1 1 1
"'MEIS3'" 1 0 0 0 1
"'METTL25'" 0 0 0 1 1
"'MEX3B'" 1 0 0 0 1
"'MN1'" 8 0 0 0 1
"'MNX1'" 1 0 0 0 1
"'MPDZ'" 1 0 0 3 1
"'MSLNL'" 0 0 0 2 1
"'MTMR2'" 3 0 0 0 1
"'MUC12'" 2 1 1 11 7
"'MUC17'" 3 1 2 10 4
"'MUC2'" 4 0 1 19 10
"'MUC20'" 1 0 0 1 1
"'MUC21'" 2 0 0 0 1
"'MUC22'" 4 0 0 3 9
"'MUC4'" 10 7 1 10 31
"'MUC5B'" 5 0 1 21 6
"'MUC8'" 2 1 0 1 3
"'MYH14'" 6 0 0 5 4
"'MYO15A'" 6 0 5 7 3
"'NACA'" 2 0 0 2 12
"'NACAD'" 1 0 0 0 1
"'NAV2'" 1 0 0 2 1
"'NBPF1'" 1 0 0 0 2
"'NBPF10'" 1 0 0 1 3
"'NCOR2'" 1 1 0 3 1
"'NEB'" 5 0 3 30 1
"'NOTCH3'" 1 0 0 3 1
"'NPC1'" 6 0 1 1 2
"'NPIPB11'" 1 0 0 1 2
"'OBSCN'" 7 0 4 61 3
"'OPLAH'" 1 0 1 1 1
"'OR2T33'" 0 0 0 1 1
"'OVGP1'" 0 0 0 2 1
"'PAN3'" 1 0 0 0 1
"'PCBP4'" 0 0 0 1 1
"'PCLO'" 6 0 1 7 2
"'PDE4DIP'" 3 0 0 28 7
"'PEX5'" 6 0 0 0 1
"'PIF1'" 0 0 1 1 1
"'PIK3R2'" 4 0 0 0 1
"'PKD1'" 6 0 0 24 4
"'PKP3'" 1 0 1 1 1
"'PLA2G6'" 0 0 0 1 1
"'PLCH2'" 3 0 0 3 2
"'PLEC'" 12 0 3 23 6
"'PLEKHA4'" 1 0 0 1 1
"'PLEKHH3'" 1 0 0 2 1
"'PLIN4'" 4 1 0 5 4
"'PLIN5'" 1 0 0 0 1
"'PLOD1'" 1 0 0 0 1
"'PLXND1'" 0 0 0 2 1
"'POLG'" 3 0 0 2 2
"'POLN'" 2 0 1 1 1
"'POLR2A'" 2 0 0 0 1
"'POLRMT'" 2 0 0 0 1
"'PRAMEF1'" 0 1 0 0 2
"'PRB4'" 6 0 0 0 3
"'PRDM12'" 2 0 0 0 2
"'PRDM13'" 1 0 0 1 1
"'PRG4'" 7 0 1 1 5
"'PROP1'" 1 0 0 0 1
"'PRX'" 0 0 1 1 1
"'PTPRS'" 0 0 0 1 1
"'QRICH2'" 1 0 1 1 5
"'RAB3GAP2'" 3 0 0 0 1
"'RAPH1'" 1 0 0 2 1
"'RBM33'" 1 0 0 1 2
"'RBM6'" 0 0 0 1 1
"'RBMXL3'" 2 24 0 0 4
"'RCOR2'" 1 0 0 0 1
"'RGL3'" 0 0 2 0 1
"'RNF207'" 1 0 1 0 1
"'RNF44'" 1 0 0 1 1
"'RP11-1055B8.7'" 2 0 1 6 1
"'RP11-1220K2.2'" 1 0 2 6 1
"'RP11-156E8.1'" 2 0 0 1 3
"'RP11-419C5.2'" 1 0 0 0 2
"'RP11-830F9.6'" 2 0 0 2 2
"'RP1L1'" 48 0 2 14 2
"'RPGR'" 1 5 0 0 7
"'RRBP1'" 1 0 0 1 5
"'RTEL1'" 7 0 0 5 1
"'SAMD11'" 1 0 1 1 2
"'SARDH'" 2 0 0 2 2
"'SBNO2'" 3 0 1 0 1
"'SCAF1'" 4 0 0 0 1
"'SCARF2'" 1 0 0 0 1
"'SEMA4B'" 0 0 0 1 1
"'SETD1B'" 1 0 0 2 6
"'SF3A2'" 1 0 0 0 5
"'SGK223'" 2 0 0 1 2
"'SH3BP1'" 1 0 0 0 1
"'SH3TC1'" 1 0 2 4 1
"'SHANK1'" 3 0 0 0 1
"'SHISA6'" 0 0 1 0 1
"'SIPA1L3'" 4 0 2 2 2
"'SIX5'" 0 0 0 2 2
"'SKIV2L2'" 1 0 1 0 1
"'SKOR2'" 1 0 0 0 1
"'SLC19A1'" 0 0 0 1 1
"'SLC27A3'" 0 0 0 1 1
"'SLC4A2'" 0 0 1 1 1
"'SON'" 12 0 0 2 1
"'SSC5D'" 1 0 0 2 4
"'ST5'" 2 0 0 0 1
"'STAG3'" 2 0 0 0 1
"'SUN1'" 0 0 1 1 2
"'SYT15'" 3 0 0 2 1
"'TAF15'" 9 0 0 0 9
"'TBX1'" 2 0 0 1 2
"'TCHH'" 14 0 2 11 9
"'THUMPD2'" 1 0 0 0 1
"'TIGD5'" 0 0 0 1 1
"'TMEM235'" 2 0 0 0 1
"'TMEM260'" 0 0 1 0 1
"'TNFAIP2'" 0 0 1 0 1
"'TNK2'" 1 0 0 1 1
"'TNRC18'" 1 0 1 8 2
"'TOR3A'" 0 0 0 1 1
"'TPRN'" 3 0 0 4 7
"'TPRXL'" 1 0 0 0 10
"'TPTE'" 0 0 0 6 1
"'TPTE2'" 0 0 0 1 1
"'TRIOBP'" 6 0 1 12 4
"'TRPM4'" 0 0 0 1 1
"'TTC17'" 0 0 0 2 1
"'TTC40'" 4 0 0 12 1
"'TTC6'" 0 0 1 3 1
"'TTN'" 24 0 3 359 10
"'TWIST1'" 1 0 0 0 1
"'TXNDC2'" 1 0 1 0 4
"'TYRO3'" 0 0 0 1 1
"'U2AF1L4'" 0 0 1 1 2
"'UBBP4'" 1 0 0 0 2
"'UBR2'" 1 0 0 0 1
"'ULK1'" 2 0 1 2 2
"'UMODL1'" 1 0 1 7 1
"'UNCX'" 1 0 0 0 1
"'USH1C'" 1 0 0 1 1
"'USP35'" 0 0 1 0 1
"'USP36'" 2 0 0 1 1
"'VILL'" 0 0 0 1 1
"'WBP7'" 3 0 1 2 1
"'WDR27'" 1 0 0 0 1
"'WDR81'" 3 0 1 3 1
"'WDR86'" 1 0 0 0 2
"'WDR87'" 0 0 0 10 1
"'WNK1'" 5 0 0 1 1
"'WNK4'" 2 0 0 0 1
"'YTHDC2'" 0 0 1 0 1
"'ZAN'" 2 1 0 8 3
"'ZBTB47'" 5 0 0 0 1
"'ZCWPW2'" 1 0 0 0 1
"'ZNF100'" 0 0 0 1 2
"'ZNF107'" 0 0 0 1 1
"'ZNF117'" 1 0 0 1 1
"'ZNF182'" 1 2 0 1 1
"'ZNF208'" 2 0 0 3 8
"'ZNF253'" 0 0 0 1 1
"'ZNF254'" 0 0 0 2 2
"'ZNF257'" 0 0 0 1 1
"'ZNF414'" 1 0 0 0 1
"'ZNF429'" 3 0 0 0 2
"'ZNF43'" 1 0 0 1 1
"'ZNF430'" 0 0 0 1 3
"'ZNF431'" 1 0 0 0 3
"'ZNF469'" 5 0 0 11 2
"'ZNF486'" 0 0 0 1 1
"'ZNF534'" 1 0 0 1 4
"'ZNF569'" 0 0 1 0 1
"'ZNF606'" 1 0 0 1 1
"'ZNF626'" 4 0 0 3 6
"'ZNF66'" 0 0 0 1 4
"'ZNF676'" 1 0 1 0 1
"'ZNF678'" 1 0 0 0 2
"'ZNF680'" 0 0 0 1 2
"'ZNF681'" 1 0 0 0 1
"'ZNF695'" 1 0 0 1 1
"'ZNF699'" 1 0 0 1 1
"'ZNF708'" 0 0 0 1 3
"'ZNF709'" 0 0 0 1 1
"'ZNF714'" 0 0 0 1 1
"'ZNF716'" 2 0 0 0 1
"'ZNF724P'" 0 0 0 1 1
"'ZNF726'" 1 0 1 2 4
"'ZNF728'" 0 0 1 0 3
"'ZNF729'" 2 0 1 4 6
"'ZNF730'" 0 0 0 1 1
"'ZNF737'" 0 0 0 1 4
"'ZNF813'" 1 0 0 1 1
"'ZNF850'" 2 0 1 1 4
"'ZNF860'" 1 0 0 1 2
"'ZNF865'" 2 0 0 0 1
"'ZNF91'" 0 0 0 1 3
"'ZNF99'" 1 1 2 3 13
"'ZNRF3'" 1 0 0 0 1
